function emg_pattern = emg_pattern_default

emg_pattern = [...
    0   0   0   0   0   0   0   0;...
    .6  .4  0   0   0   0   0   .4;...
    .4  .6  .4  0   0   0   0   0;...
    0   .4  .6  .4  0   0   0   0;...
    0   0   .4  .6  .4  0   0   0;...
    0   0   0   .4  .6  .4  0   0;...
    0   0   0   0   .4  .6  .4  0;...
    0   0   0   0   0   .4  .6  .4;...
    .4   0   0   0   0   0   .4  .6];